        55        47         0        98
    49     1  1000
    50  1000
    51    52  1000
    51    52  1000
  1000
    53  1000
    54  1000
    55  1000
    56  1000
    57  1000
    58  1000
    59    32    60  1000
    61    30  1000
    62    30  1000
    16    63    30  1000
    59    64  1000
    31    59    64  1000
  1000
    44    65  1000
    23    61    24  1000
  1000
    19    66    30  1000
    61    67  1000
    31    61    67  1000
  1000
     3    30  1000
    68  1000
    69  1000
    70  1000
    71  1000
    72  1000
    73  1000
    14    25    74    26    50    75     9  1000
     8    50  1000
  1000
     7    50    22    25    74    26    30  1000
    22    25    74    26    50     9  1000
    12    25    55    30    74    30    55    26    50     9  1000
    18    25    74    26    76    77  1000
    78    79  1000
    78    79  1000
  1000
     4    80    29    50  1000
    45    81  1000
    31    45    81  1000
  1000
    17    82  1000
    29    50     9  1000
    50     9  1000
    61    83  1000
    84    61  1000
  1000
    85    86  1000
    87    85    86  1000
  1000
    88    89  1000
    90    88    89  1000
  1000
    91  1000
    59  1000
    25    61    26  1000
     2  1000
    93  1000
    15  1000
    11  1000
     5    94  1000
    23    45    24  1000
  1000
    10  1000
    21  1000
    95  1000
    45  1000
    46  1000
    47  1000
    35  1000
    36  1000
    33  1000
    34  1000
    37  1000
    38  1000
    39  1000
    40  1000
    41  1000
    42  1000
    43  1000
     6    27    97    28  1000
    73    98  1000
    73    98  1000
  1000
    92    29    99    30  1000
    13    23    45    24    92    99    30  1000
    44   100  1000
    31    44   100  1000
  1000
    27   101    28  1000
    61   102  1000
    31    61   102  1000
  1000
     49    5    2
     49   13    2
     49   11    2
     49   15    2
     49    2    2
     49   18    2
     49   12    2
     49   22    2
     49    7    2
     49   14    2
     49    3    2
     49   19    2
     49   16    2
     49   44    2
     50    5    3
     50   14    3
     50    7    3
     50   22    3
     50   12    3
     50   18    3
     50    2    3
     50   15    3
     50   11    3
     50   13    3
     50   44    3
     50   16    3
     50   19    3
     50    3    3
     52    5    4
     52   14    4
     52    7    4
 *   52   22    4
     52   12    4
     52   18    4
     52    2    4
     52   15    4
     52   11    4
     52   13    4
     52   44    4
     52   16    4
     52   19    4
     52    3    4
     52   17    5
     52    4    5
     52    9    5
     52    8    5
 *   52   22    5
     52    1    5
     51    3    6
     51   19    6
     51   16    6
     51   44    6
     51    5    7
     51   13    7
     51   11    7
     51   15    7
     51    2    7
     51   18    7
     51   12    7
     51   22    7
     51    7    7
     51   14    7
     53   44    8
     53   16    9
     53   19   10
     53    3   11
     55   44   12
     60   44   13
     60   45   13
     60   46   13
     60   47   13
     60   21   13
     60   10   13
     60   25   13
     60   27   14
     56   16   15
     63   44   16
     64   31   17
     64   30   18
     59   44   19
     65   23   20
     65   24   21
     65   26   21
     65   28   21
     65   32   21
     65   33   21
     65   34   21
     65   43   21
     65   42   21
     65   41   21
     65   40   21
     65   39   21
     65   38   21
     65   37   21
     65   30   21
     65   36   21
     65   35   21
     65   31   21
     57   19   22
     66   44   23
     66   45   23
     66   46   23
     66   47   23
     66   21   23
     66   10   23
     66   25   23
     67   31   24
     67   30   25
     58    3   26
     54   14   27
     54    7   28
     54   22   29
     54   12   30
     54   18   31
     54    5   32
     54    2   32
     54   15   32
     54   11   32
     54   13   32
     68   14   33
     75    8   34
     75    9   35
     69    7   36
     70   22   37
     71   12   38
     72   18   39
     76    4   40
     79    4   41
     79   17   42
     78    4   43
     80   45   44
     81   31   45
     81   29   46
     77   17   47
     82   29   48
     82    5   49
     82   13   49
     82   11   49
     82   15   49
     82    2   49
     82   18   49
     82   12   49
     82   22   49
     82    7   49
     82   14   49
     82    3   49
     82   19   49
     82   16   49
     82   44   49
     74   44   50
     74   45   50
     74   46   50
     74   47   50
     74   21   50
     74   10   50
     74   25   50
     83   43   51
     83   42   51
     83   41   51
     83   40   51
     83   39   51
     83   38   51
     83   37   51
     83   30   52
     83   26   52
     61   10   53
     61   21   53
     61   47   53
     61   46   53
     61   45   53
     61   44   53
     61   25   53
     86   34   54
     86   33   54
     86   28   55
     86   31   55
     86   26   55
     86   24   55
     86   30   55
     86   37   55
     86   38   55
     86   39   55
     86   40   55
     86   41   55
     86   42   55
     86   43   55
     85   44   56
     85   45   56
     85   46   56
     85   47   56
     85   21   56
     85   10   56
     85   25   56
     89   36   57
     89   35   57
     89   24   58
     89   26   58
     89   31   58
     89   28   58
     89   33   58
     89   34   58
     89   43   58
     89   42   58
     89   41   58
     89   40   58
     89   39   58
     89   38   58
     89   37   58
     89   30   58
     88   10   59
     88   21   59
     88   47   59
     88   46   59
     88   45   59
     88   44   60
     88   25   61
     92    2   62
     92    5   63
     92   15   64
     92   11   65
     93    5   66
     94   23   67
     94   44   68
     94   29   68
     95   10   69
     95   21   70
     91   21   71
     91   10   71
     91   45   72
     91   46   73
     91   47   74
     90   35   75
     90   36   76
     87   33   77
     87   34   78
     84   37   79
     84   38   80
     84   39   81
     84   40   82
     84   41   83
     84   42   84
     84   43   85
     96    6   86
     97    5   87
     97    2   87
     97   15   87
     97   11   87
     97   13   87
     98    5   88
     98    2   88
     98   15   88
     98   11   88
     98   13   88
     98   28   89
     73    5   90
     73   11   90
     73   15   90
     73    2   90
     73   13   91
     99   44   92
    100   31   93
    100   30   94
     62   27   95
    101   44   96
    101   45   96
    101   46   96
    101   47   96
    101   21   96
    101   10   96
    101   25   96
    102   31   97
    102   28   98
      0    0    0
        42  !!
        43  !=
         1  $eof$
        25  (
        26  )
        35  *
        33  +
        31  ,
        34  -
        36  /
        29  :
        30  ;
        37  <
        38  <=
        32  =
        41  ==
        39  >
        40  >=
        47  CHEESE_LIT
        46  FLOAT_LIT
        44  ID
        45  INT_LIT
        23  [
        24  ]
         2  bool
         3  break
         4  case
         5  cheese
         6  decs
         7  do
         8  else
         9  end
        10  false
        11  float
        12  for
        13  hiphip
        14  if
        15  int
        16  listen
        17  otherwise
        18  select
        19  shout
        20  then
        21  true
        22  while
        27  {
        28  }
        48  <goal>
        87  add_op
        60  ass_stmt_end
        55  ass_stmt_head
        95  bool_lit
        58  break_stmt
        78  case
        76  case_list
        77  case_list_end_start
        82  case_list_end_tail
        79  case_list_tail
        93  cheese_type
        94  cheese_type_tail
        83  cond_tail
        74  condition
        97  dec_list
        98  dec_tail
        73  declaration
        75  else_clause
        86  expr_tail
        61  expression
        85  factor
        89  factor_tail
        71  for_stmt
        68  if_stmt
        62  init
       101  init_list
       102  init_tail
        80  int_list
        81  int_list_tail
        66  item_list
        67  item_list_tail
        56  listen_stmt
        91  literal
        69  loop_stmt
        90  mult_op
        88  primary
        49  program
        84  rel_op
        72  select_stmt
        57  shout_stmt
        53  simple_stmt
        51  statement
        50  stmt_list
        52  stmt_tail
        54  struct_stmt
        92  type
        99  var_dec_list
       100  var_dec_tail
        96  var_decs
        63  var_list
        64  var_list_tail
        59  variable
        65  variable_tail
        70  while_stmt

